package javaPracticeHonma;

/*
 * 目的：基本勉強（動くプログラム）レベル2 掛け算九九 
 * 内容：ループの使い方、関数化
 *     (https://qiita.com/s_hino/items/85ce20cb675484d300f0)
 * 作成者：本間夏海
 */

import java.util.ArrayList;
import java.util.List;

public class JavaPractice_4 {
	
	public static void main(String[] args) {
		
		// こんな感じでコンソール出力する
		
		// 1 2 3 4 5 6 7 8 9
		// 2 4 6 8 10 12 14 16 18
		// 3 6 9 12 15 18 21 24 27
		// 4 8 12 16 20 24 28 32 36
		// 5 10 15 20 25 30 35 40 45
		// 6 12 18 24 30 36 42 48 54
		// 7 14 21 28 35 42 49 56 63
		// 8 16 24 32 40 48 56 64 72
		// 9 18 27 36 45 54 63 72 81
		
		// 文字と文字の間はタブ文字を挿入する
		
		
		
	}
}
